  0.000000   0.000000
  0.003137   0.009495
 -0.010250   0.017174
 -0.015584   0.025635
  0.011092   0.038431
  0.039156   0.031093
  0.034997   0.048736
 -0.017179   0.067859
  0.010459   0.079313
 -0.054835   0.071366
 -0.011576   0.099328
  0.086053   0.068519
  0.118576   0.018433
 -0.050780   0.119672
  0.027804   0.137211
 -0.055210   0.139470
  0.049608   0.152115
  0.057602   0.159944
  0.086053   0.158098
 -0.014209   0.189468
  0.102370   0.171815
 -0.167906   0.126126
  0.212850   0.055633
  0.136807   0.184889
  0.057399   0.233035
  0.203038   0.145861
 -0.011268   0.259756
  0.263137  -0.060490
  0.209337   0.185952
  0.116543   0.265552
  0.023167   0.299104
 -0.308326   0.032174
  0.319841   0.010072
  0.199090   0.263179
  0.334216  -0.062447
  0.347706  -0.040005
 -0.103701   0.344741
  0.218915   0.298289
  0.367797  -0.095527
  0.295456   0.254569
  0.276662   0.288891
 -0.157341   0.378608
  0.283020   0.310322
  0.413429   0.118221
  0.331214  -0.289650
  0.250291   0.373971
  0.443074   0.123633
  0.435600   0.176502
  0.266834   0.398999
  0.488555  -0.037604
 -0.213145   0.452293
  0.223499   0.458419
  0.416189   0.311748
  0.482426   0.219465
  0.538910   0.034285
  0.544213  -0.079573
  0.126522   0.545520
  0.372760   0.431219
  0.197103   0.545482
  0.583461   0.087594
  0.598019  -0.048722
  0.530389   0.301310
  0.580010   0.219063
  0.605154   0.175180
  0.597935  -0.228197
  0.400324   0.512094
  0.357294   0.554924
  0.664492   0.085737
  0.298756   0.610856
  0.624163   0.294144
  0.657145   0.241165
  0.637269  -0.313031
  0.686334   0.217590
  0.723495   0.097238
  0.574930   0.465893
  0.749139  -0.035919
  0.707010   0.278813
  0.626837   0.447186
  0.349202  -0.697465
  0.727645  -0.307625
  0.798210  -0.053486
  0.777650   0.226630
  0.712040   0.406694
  0.558171  -0.614284
  0.798964  -0.259340
  0.786958   0.321243
  0.707213  -0.489336
  0.821830  -0.285474
  0.836789  -0.272369
  0.585366  -0.670407
  0.896542   0.078821
  0.676927  -0.608169
  0.909844  -0.136324
 -0.234380  -0.899981
  0.816177  -0.466320
  0.661176  -0.682163
  0.925538  -0.254911
  0.899211  -0.363758
  0.425105  -0.882998
  0.535381  -0.832747
 -0.000000  -0.000000
 -0.008665  -0.004991
 -0.006715  -0.018839
 -0.029759  -0.003795
 -0.037526   0.013848
 -0.019044  -0.046231
 -0.034568  -0.049041
 -0.012422  -0.068889
 -0.042663  -0.067675
 -0.047041  -0.076727
 -0.098703  -0.016056
 -0.089168  -0.064413
 -0.101805  -0.063527
 -0.090616  -0.093214
 -0.136356   0.031732
 -0.002012  -0.149987
 -0.132676  -0.089427
 -0.169971  -0.003155
 -0.173736  -0.047073
 -0.183056  -0.050896
 -0.178347  -0.090511
 -0.209813  -0.008868
 -0.182075   0.123486
  0.083414   0.214341
 -0.120161  -0.207753
 -0.220190   0.118391
 -0.259859   0.008575
 -0.266671   0.042265
 -0.183572  -0.211427
 -0.237849   0.165915
 -0.255867   0.156627
 -0.304273  -0.059310
 -0.276750   0.160653
 -0.329968   0.004599
 -0.324510  -0.101455
 -0.304320  -0.172885
 -0.129210  -0.336013
 -0.349151  -0.122449
 -0.288337  -0.247511
 -0.387905  -0.040370
 -0.332172   0.222849
 -0.350911  -0.212042
 -0.297589   0.296379
 -0.189962   0.385765
 -0.395328   0.193173
 -0.448449   0.037329
 -0.450837  -0.091356
 -0.430794   0.187928
 -0.406001   0.256052
 -0.489925   0.008555
 -0.404377   0.294074
 -0.217106   0.461482
 -0.493304   0.164472
 -0.521267   0.095817
 -0.267926   0.468845
 -0.549215   0.029374
 -0.554737   0.076598
 -0.492451   0.287040
 -0.519617   0.257679
 -0.584330   0.081598
 -0.556694   0.223811
 -0.070473   0.605916
 -0.614961  -0.078888
 -0.516576   0.360623
 -0.626532   0.130605
 -0.648432   0.045124
 -0.552515  -0.361009
 -0.538755   0.398301
 -0.129515   0.667552
  0.009083   0.689940
 -0.530171   0.457077
 -0.641824  -0.303582
  0.546428   0.468846
 -0.728584  -0.045446
 -0.702679   0.232040
 -0.748752  -0.043257
 -0.643180   0.404870
 -0.204302   0.742402
 -0.584873  -0.516065
  0.028146   0.789498
 -0.085986   0.795366
 -0.806903   0.070759
 -0.098880   0.814016
 -0.056044   0.828106
  0.274154   0.794002
 -0.761512   0.377623
 -0.399991   0.761319
 -0.634555   0.595181
 -0.510280   0.716948
 -0.211805   0.864430
 -0.555363   0.708218
 -0.575997   0.704506
 -0.743764   0.541494
 -0.250902   0.895516
 -0.876644   0.339256
  0.784065   0.536416
 -0.406785   0.869555
  0.492859   0.835458
 -0.402771   0.893407
  0.245323   0.959123
  0.000000  -0.000000
  0.009788   0.002047
  0.019988   0.000682
  0.022058  -0.020334
  0.030386   0.026013
  0.043804  -0.024109
  0.055308  -0.023261
  0.063168   0.030162
  0.001871  -0.079978
  0.064579   0.062687
  0.073921   0.067348
  0.108372  -0.018857
 -0.041664  -0.112535
  0.052183  -0.119067
  0.088217  -0.108710
  0.103708  -0.108373
  0.151165  -0.052432
  0.125720   0.114431
  0.137148  -0.116577
  0.028327  -0.187876
  0.172634  -0.100983
  0.038595  -0.206423
  0.217936  -0.030062
  0.063801  -0.220974
  0.185420   0.152380
  0.210015  -0.135623
 -0.007345  -0.259896
 -0.044276  -0.266345
  0.136762  -0.244328
  0.170288  -0.234738
  0.298276   0.032117
  0.280170   0.132682
  0.151349   0.281946
  0.324135   0.061942
  0.181884  -0.287260
 -0.048811  -0.346580
  0.003022  -0.359987
  0.090101  -0.358862
 -0.283528  -0.253006
  0.068013  -0.384024
  0.141100  -0.374287
 -0.088413  -0.400354
  0.194387  -0.372308
  0.409916  -0.129880
  0.407308  -0.166435
  0.027420  -0.449164
  0.150724  -0.434606
  0.437719  -0.171178
  0.112380  -0.466659
  0.485703   0.064753
  0.414283  -0.279946
 -0.450037  -0.239931
 -0.062514  -0.516229
  0.110411  -0.518372
  0.183281  -0.507945
  0.228056  -0.500490
 -0.153553  -0.538536
  0.313387  -0.476118
  0.579798  -0.015308
  0.036572  -0.588865
  0.079627  -0.594693
  0.068956  -0.606090
 -0.425600  -0.450849
  0.407984  -0.480051
 -0.638146  -0.048683
  0.115951  -0.639574
 -0.101727  -0.652113
 -0.667480  -0.058055
  0.615225  -0.289653
 -0.510914  -0.463753
  0.437605  -0.546354
 -0.069603  -0.706580
 -0.037539  -0.719021
  0.278198  -0.674912
  0.739999   0.001189
  0.384115  -0.644171
  0.022199  -0.759676
  0.614374  -0.464160
 -0.410315  -0.663356
 -0.265381  -0.744092
  0.122288  -0.790598
 -0.067173  -0.807210
 -0.686679  -0.448188
  0.031140  -0.829416
 -0.714799  -0.441206
 -0.031795  -0.849405
 -0.004670  -0.859987
  0.579574  -0.648841
 -0.839553  -0.263726
 -0.244823  -0.855664
  0.253081  -0.863684
  0.253889  -0.873865
 -0.153271  -0.907143
 -0.701650  -0.610399
 -0.477692  -0.809574
  0.251300  -0.916159
  0.540674  -0.793266
 -0.931424  -0.270830
 -0.979433   0.033343
 -0.506427  -0.850665
